# oST version 5.0 parameters


[image]

width
1280

height
720

[narrow_stereo]

camera matrix
2143.615007 0.000000 452.662881
0.000000 1710.615368 571.899603
0.000000 0.000000 1.000000

distortion
0.266887 -0.324691 0.053772 -0.034907 0.000000

rectification
1.000000 0.000000 0.000000
0.000000 1.000000 0.000000
0.000000 0.000000 1.000000

projection
2176.460263 0.000000 440.675840 0.000000
0.000000 1730.921071 586.466930 0.000000
0.000000 0.000000 1.000000 0.000000
